1
100 100
2 3
500
26 30
90 42
30 0
83 3
17 85
5 92
80 95
72 11
73 83
74 48
46 4
49 0
35 65
96 81
97 58
86 58
13 70
5 69
60 23
25 11
95 8
52 46
10 40
45 25
74 70
96 76
99 81
89 58
99 99
59 63
92 60
47 70
82 37
49 98
83 11
9 62
80 76
75 7
81 59
61 90
2 13
64 6
73 73
93 60
37 16
66 61
66 70
89 44
71 5
36 56
77 57
40 26
44 5
10 3
52 18
58 89
21 49
86 7
84 83
12 76
13 41
20 89
3 18
55 19
98 8
65 69
9 25
5 36
28 38
58 48
99 98
69 57
21 17
38 97
50 80
81 58
83 86
39 70
4 49
14 4
78 7
35 36
23 80
99 48
59 21
56 95
48 2
38 65
5 40
38 74
57 87
77 65
93 9
54 27
11 74
32 17
84 73
4 62
35 58
56 90
99 70
37 86
5 26
92 31
76 77
49 60
62 8
21 16
80 65
27 68
94 67
51 7
2 11
95 59
13 17
96 33
53 62
95 77
1 33
99 38
72 84
70 11
55 22
5 3
64 89
3 70
99 56
77 28
22 92
57 59
46 68
5 39
42 25
15 71
49 82
39 19
7 94
54 26
19 68
0 73
52 74
23 38
60 87
33 70
84 72
25 93
1 46
46 45
92 12
3 83
80 46
81 11
42 38
11 32
20 28
29 95
94 84
64 43
96 23
95 67
24 25
34 57
88 46
92 7
61 1
57 49
42 6
15 52
27 26
79 91
94 52
0 45
94 61
53 29
32 6
75 75
64 38
84 53
87 49
35 11
52 91
37 39
74 88
64 65
65 30
34 70
65 48
14 73
42 1
67 85
30 8
79 59
30 17
63 51
18 61
98 81
91 33
0 31
29 76
41 41
21 72
4 28
25 60
74 74
10 80
49 8
86 57
38 17
22 63
14 68
7 29
61 9
97 93
19 3
78 89
61 18
91 19
59 85
48 48
79 54
59 94
19 21
40 62
41 36
22 22
53 37
45 33
3 27
10 75
34 42
43 81
26 10
49 21
55 55
13 86
14 63
71 27
42 9
77 88
28 83
75 24
62 72
25 32
10 43
34 10
62 90
74 55
2 48
14 40
85 91
49 16
15 14
13 81
86 74
59 57
36 55
90 35
82 31
9 56
8 11
92 81
75 10
40 43
0 7
5 85
28 87
72 4
33 22
10 29
73 67
73 94
74 68
66 82
49 11
98 25
67 65
7 23
48 24
83 0
28 64
63 31
75 5
60 16
52 21
52 39
44 35
10 33
53 13
11 96
85 45
73 80
10 51
66 50
68 1
43 66
26 4
82 12
89 60
47 54
46 86
90 34
28 59
57 95
94 4
58 69
81 61
19 86
8 86
66 27
78 19
16 44
64 93
1 73
36 40
71 7
68 81
6 8
21 6
46 90
28 54
5 52
28 63
63 30
38 95
77 77
41 11
42 83
54 48
51 24
19 90
10 32
73 70
20 73
14 11
32 47
53 88
43 65
34 84
45 84
56 93
55 48
68 67
88 91
82 20
52 6
44 2
80 86
62 47
74 21
43 15
51 28
11 90
74 39
20 68
67 0
20 77
66 44
84 89
96 54
1 63
88 68
36 39
57 80
9 40
73 33
61 77
81 55
62 51
8 80
20 45
85 25
74 25
35 15
11 94
24 24
33 91
78 4
13 42
47 7
53 87
35 51
5 10
17 12
58 22
17 30
57 66
65 79
61 45
21 9
50 63
73 28
93 6
40 98
30 75
60 76
64 73
59 4
72 86
45 69
53 73
96 53
47 11
49 39
38 39
77 30
45 96
38 57
8 34
8 43
81 27
21 98
4 27
16 1
13 14
24 14
16 10
25 77
87 61
25 86
37 60
58 3
22 80
46 56
14 85
26 50
98 75
39 16
42 49
31 21
40 88
41 62
66 6
87 38
16 5
10 83
56 50
57 15
76 28
74 95
68 42
22 84
58 34
50 30
79 75
11 20
91 40
98 88
29 65
39 20
60 52
6 81
45 27
1 2
76 5
2 65
85 81
86 64
32 93
76 41
15 31
92 13
98 47
79 52
8 10
90 70
36 99
30 28
82 75
84 14
6 76
94 58
64 17
75 63
34 22
2 60
56 49
32 79
77 1
35 84
14 61
17 63
50 11
42 7
55 89
8 5
91 21
47 85
30 14
90 65
17 90
64 3
83 53
53 12
72 25
52 65
73 97
3 20
56 35
74 71
97 54
